n_bin = 16
b_size = 32
b_stride = 16
c_size = 16
single HoG size = 3136
Failure = 13
Total = 960
Percentage = 1
Elapsed Time = 183.908214808


n_bin = 16
b_size = 32
b_stride = 8
c_size = 16
single HoG size = 10816
Failure = 18
Total = 960
Percentage = 1
Elapsed Time = 599.215003014


